34107
66597
98679
130509
162151
193669
225051
256381
287587
318757
349917
380907
411899
442921
473799
504713
535591
566363
597227
627983
658661
689419
720081
750709
781439
812093
842721
873311
903861
934473
964977
995409
1026033
1056449
1086927
1117479
1147887
1178427
1208829
1239207
1269701
1300059
1330431
1360793
1391177
1421469
1451907
1482269
1512699
1542907
1573231
1603477
1633801
1664039
1694337
1724569
1754893
1785077
1815351
1845591
1875881
1906081
1936379
1966579
1996749
2027009
2057181
2087359
2117559
2147749
2177951
2208057
2238189
2268393
2298513
2328603
2358653
2388827
2418957
2449023
2479113
2509239
2539389
2569441
2599621
2629631
2659851
2689869
2720047
2749977
2780033
2810151
2840363
2870331
2900323
2930369
2960313
2990379
3020437
3050409
3080451
3110493
3140511
3170539
3200651
3230719
3260747
3290767
3320679
3350679
3380601
3410643
3440707
3470607
3500431
3530273
3560237
3590183
3620259
3650187
3680221
3710133
3740193
3770041
3799961
3829989
3859911
3889787
3919749
3949771
3979619
4009429
4039439
4069367
4099343
4129161
4159017
4188983
4218903
4248721
4278617
4308457
4338329
4368119
4398019
4427981
4457969
4487927
4517709
4547553
4577419
4607273
4637163
4666937
4696929
4726757
4756577
4786401
4816239
4846089
4875967
4905919
4935773
4965687
4995583
5025343
5055147
5084993
5114789
5144641
5174429
5204243
5234067
5263931
5293737
5323527
5353353
5383221
5412959
5442779
5472589
5502363
5532033
5561831
5591623
5621391
5651127
5680867
5710689
5740523